1993 1	73	85.9	10
2	79.6	86.5	14
3	85.9	87.1	18
4	85.0	87.9	21
5	83.3	88.6	24
6	98.3	89.2	34
7	95.3	89.7	40
8	95.1	90.1	50
9	93.2	90.5	60
10	84.8	90.8	67
11	89.9	91.6	81
12	116.9	93.1	120
1994 1	78.3	95.1	94
2	87.7	97.1	117
3	96.5	98.8	139
4	103.3	100.5	161
5	95.0	102.3	159
6	105.5	104.4	187
7	108.6	106.3	203
8	115.1	107.7	225
9	114.8	108.1	242
10	109.1	107.0	266
11	103.6	104.3	289
12	121.2	100.5	395
1995 1	82.4	96.6	312
2	80.8	93.6	340
3	88.9	91.6	404
4	89.7	90.6	442
5	90.6	90.1	482
6	94.3	89.8	533
7	91.4	89.3	547
8	91.4	88.6	575
9	92.4	87.9	605
10	86.8	87.6	597
11	87.7	88.0	628
12	97.3	88.9	717
1996 1	81.8	89.8	623
2	85.0	90.2	666
3	88.4	90.2	715
4	90.2	89.4	748
5	83.9	88.3	701
6	90.6	87.5	765
7	89.7	87.5	770
8	90.6	88.2	775
9	87.9	89.7	756
10	96.6	91.4	842
11	93.7	93.2	832
12	115.3	94.6	1037
1997 1	89.5	95.7	817
2	89.7	96.3	832
3	92.2	96.7	867
4	99.5	96.7	951
5	91.7	96.4	884
6	100.7	95.6	980
7	96.5	94.6	960
8	94.4	93.7	940
9	92.6	93.2	917
10	94.7	93.0	943
11	93.0	92.9	930
12	122.0	92.6	1272
1998 1	79.8	91.8	811
2	82.8	90.4	851
3	84.2	88.7	872
4	90.5	87.0	939
5	82.0	85.5	854
6	83.9	84.1	877
7	85.7	82.5	906
8	83.2	80.6	903
9	68.3	78.2	1018
10	77.4	75.6	1210
11	72.8	73.0	1215
12	89.3	70.7	1683
1999 1	58.6	69.0	1178
2	62.9	68.1	1320
3	65.5	67.8	1410
4	70.2	67.8	1570
5	66.7	68.1	1517
6	69.5	68.4	1618
7	68.2	68.9	1635
8	71.3	69.5	1729
9	70.6	70.4	1737
10	72.3	71.6	1796
11	73.0	73.1	1854
12	99.3	74.6	2566
2000 1	60.2	75.9	1586
2	71.3	77.0	1897
3	77.2	77.9	2071
4	78.3	78.4	2120
5	75.9	78.7	2084
6	81.0	79.0	2297
7	78.4	79.2	2270
8	80.2	79.6	2348
9	81.1	79.9	2405
10	79.8	80.3	2413
11	84.0	80.6	2582
12	104.5	81.0	3337
2001 1	67.2	81.4	2174
2	75.3	81.8	2501
3	82.1	82.5	2785
4	84.7	83.6	2916
5	79.1	84.8	2775
6	88.9	86.2	3160
7	86.4	87.4	3140
8	90.5	88.1	3233
9	89.8	88.5	3207
10	89.9	88.6	3290
11	90.5	88.6	3359
12	111.6	88.7	4300
2002 1	75.4	88.9	2909
2	83.3	89.3	3251
3	88.4	89.9	3500
4	98.8	90.8	3957
5	85.1	91.9	3446
6	92.9	93.3	3803
7	97.5	94.9	4054
8	98.3	96.6	4056
9	95.0	98.4	3927
10	104.6	100.2	4362
11	104.5	102.0	4430
12	127.9	103.7	5564
2003 1	88.1	105.1	3894
2	99.1	106.3	4446
3	104.1	106.9	4722
4	108.2	107.2	4986
5	102.9	107.4	4751
6	107.1	107.7	5014
7	109.0	108.4	5179
8	108.7	109.5	5095
9	109.8	110.8	5170
10	116.5	112.2	5546
11	116.6	113.6	5592
12	152.0	114.8	7477
2004 1	106.4	115.7	5279
2	108.6	116.3	5494
3	113.2	116.7	5806
4	119.7	117.1	6168
5	105.9	117.5	5496
6	118.5	118.1	6228
7	120.9	119.1	6438
8	118.2	120.3	6269
9	118.5	121.6	6329
10	127.0	122.9	6754
11	130.0	124.3	7000
12	169.2	125.9	9381
2005 1	98.8	127.6	5526
2	118.1	129.3	6705
3	130.4	130.8	7472
4	135.7	132	7885
5	126.0	132.9	7391
6	134.8	133.7	7969
7	135.6	134.5	8104
8	131.8	135.6	7883
9	140.9	137	8401
10	140.7	138.5	8457
11	144.1	139.8	8713
12	201.9	140.9	12354
2006 1	109.8	142.4	6897
2	129.5	144.4	8342
3	143.3	146.9	9275
4	149.5	149.8	9630
5	149.8	152.7	9672
6	159.5	155	10396
7	154.9	156.6	10140
8	157.9	157.5	10325
9	155.3	158.1	10188
10	158.6	158.6	10455
11	163.7	159.1	10856
12	231.6	159.8	15513
2007 1	120.9	160.6	8346
2	148.3	161.6	10315
3	157.1	163.1	11132
4	164.6	165.2	11662
5	164.6	167.7	11744
6	173.2	170.3	12392
7	173.7	173.1	12534
8	174.6	175.8	12620
9	175.8	178.1	12847
10	176.0	179.6	13073
11	188.3	180.2	14112
12	258.7	179.9	19632
2008 1	130.9	178.9	10426
2	164.2	177.6	12902
3	164.5	176.9	13312
4	181.3	176.9	14745
5	171.7	177.6	14345
6	180.2	178.7	15159
7	184.8	179.2	15636
8	189.6	178.8	16011
9	175.5	177.8	15091
10	174.8	176.6	15241
11	179.5	175.8	15513
12	230.9	176.1	19960
2009 1	125.6	177.6	11254
2	168.4	179.9	15078
3	174.0	182.0	15864
4	186.4	183.2	17029
5	181.3	183.4	16584
6	186.4	182.9	17291
7	181.4	182.1	17187
8	174.3	181.5	16237
9	180.4	181.8	16768
10	191.6	183.1	17716
11	186.2	185.3	17323
12	261.1	188	24461
2010 1	146.7	190.5	13699
2	180.3	192.6	17053
3	185.4	194	17687
4	198.7	194.5	19116
5	187.0	194.1	17900
6	195.0	193.5	19053
7	196.8	192.9	18985
8	185.6	192.8	18137
9	187.8	193	18526
10	196.6	193.4	19610
11	195.8	193.6	19585
12	274.8	193.5	28173
2011 1	146.4	192.7	15109
2	179.5	191.6	18909
3	178.6	190.6	19114
4	195.8	190.2	20872
5	177.6	190.4	19102
6	196.6	191.1	21279
7	195.0	191.9	21208
8	186.0	192.8	19953
9	191.1	193.7	20376
10	193.0	194.6	20727
11	197.2	195.5	21310
12	284.4	196	31568
2012 1	147.0	196.5	16107
2	184.5	196.8	20407
3	184.5	197.1	20848
4	198.6	197.6	22348
5	187.2	198.5	21299
6	211.6	199.7	24126
7	196.6	201.2	23042
8	201.3	202.6	23404
9	200.3	203.6	23396
10	200.3	204.5	23349
11	215.1	205.7	25062
12	300.0	207.2	35548
2013 1	148.2	208.8	17502
2	197.1	210.2	23670
3	202.7	211.2	24422
4	216.8	211.4	26419
5	188.0	210.9	23020
6	216.4	210	26441
7	205.8	209.4	26009
8	210.1	209.4	25734
9	202.1	210.2	24841
10	211.8	210.9	26288
11	220.3	210.8	27381
12	310.2	210.2	39759
2014 1	147.6	209.4	18727
2	196.1	208.6	25141
3	189.2	208.5	24602
4	217.8	209.2	28196
5	200.1	210.6	26259
6	208.9	212.1	27587
7	211.9	212.9	28192
8	219.5	212.8	29016
9	203.3	211.9	27132
10	216.5	210.1	28936
11	212.8	207.9	28796
12	286.8	205.6	40972
2015 1	145.4	203.6	20759
2	191.8	202.1	28085
3	185.5	201.6	27621
4	212.9	201.7	31415
5	185.7	202.4	27807
6	202.2	203	30049
7	205.9	203.3	31141
8	209.1	203.1	31355
9	194.3	202.2	29589
10	202.8	200.7	30987
11	200.2	199.1	30721
12	301.5	197.6	46493
2016 1	136.9	196.4	21559
2	184.9	195.4	29007
3	184.8	194.3	29168
4	199.3	192.9	31541
5	176.6	191.8	28155
6	193.6	190.7	30884
7	189.7	190	30714
8	188.8	189.7	30386
9	189.7	189.9	30201
10	191.2	190.3	31002
11	188.2	190.5	30736
12	280.2	190.6	45938
2017 1	151.0	190.7	24615
2	179.7	190.8	29520
3	179.2	190.6	29528
4	185.6	190.4	30760
5	177.4	189.9	29487
6	195.0	189.5	32435
7	183.7	189.1	30917
8	188.5	188.7	31176
9	189.8	188.6	31342
10	188.7	189.2	31238
11	189.2	190.3	31384
12	275.1	191.8	44756
2018 1	139.5	192.9	23506
2	186.1	193.5	31318
3	186.3	193.5	31436
4	194.7	192.7	33025
5	176.5	191.2	30393
6	194.9	189.6	33349
7	186.5	188.2	32425
8	186.2	187.5	31850
9	184.1	187.5	31698
10	190.9	187.9	32962
11	183.3	188.6	32282
12	279.1	189.6	47673
2019 1	139.6	190.7	24496